1 0.3208454281567489 0.6516690856313496 0.042452830188679264 0.14223512336719893
0 0.272677793904209 0.4746008708272859 0.037554426705370146 0.08127721335268503
1 0.8559960087082729 0.897677793904209 0.05469883889695211 0.1930333817126271
1 0.3520359151186156 0.5793975724672711 0.019514981449716872 0.09009066705102263
1 0.3451112442816192 0.5433053487108055 0.020144496980352856 0.0425272714029672
1 0.43324341857066306 0.40201408516805265 0.015108372735264624 0.06099306030162396
1 0.6587968438621645 0.4213959609095004 0.016310175111933348 0.058500433150014575
1 0.6731040150129831 0.4229220591655877 0.01459331457383513 0.06562222501175562
1 0.8465069293609071 0.4346221457955907 0.019743896188129925 0.06867442152393032
0 0.7960026151985167 0.37942825886709847 0.017740892227015338 0.05188734070696952
0 0.9125228868165693 0.45039770221148456 0.017511800079679743 0.0639027090626918
1 0.9263479921426324 0.4581807244691201 0.020276821144892522 0.08274581558117781
