1 0.227326821232435 0.6244750649603573 0.01941381914474359 0.09467255728384054
1 0.32057198288218836 0.5688159241396379 0.018825521594902847 0.09363219951149063
1 0.4808830652137829 0.5797396807493117 0.024120199543469382 0.10507613500733959
0 0.21056034106197458 0.6099100561474587 0.023531901993628635 0.08218826401564179
0 0.30115816373744475 0.5615334197331887 0.022355306893947144 0.08947076842209115
0 0.4599985021944377 0.5745378918875624 0.02588509219299148 0.09259184173914078
0 0.5747165244133771 0.6296768538221066 0.03294466279108001 0.12380257490963757
0 0.6803159346097856 0.558932525302314 0.03117977014155798 0.10091470391793997
1 0.6000133190565279 0.6260356016188822 0.029414877492035738 0.08530933733269158
1 0.7010223615003446 0.5570501436097045 0.02045604360797512 0.08203950120672147
1 0.9170882643929528 0.6215827631909024 0.010607919756707105 0.07581871068214867
0 0.9042703613535985 0.6200194908057035 0.01591187963506073 0.07894525545254652
