0 0.5539312376781024 0.442546381004862 0.020619078683180803 0.08955234173510888
0 0.7046593128621141 0.3400019896916026 0.015138057767398436 0.07284827799177254
0 0.714707851207715 0.32793794365474854 0.014355054779429822 0.06728025674399365
0 0.609958181681265 0.27955335800648756 0.010371909359976854 0.05243576398654977
1 0.6193577245387442 0.269325502943177 0.00875129852248044 0.03601357416658633
0 0.632079519613091 0.27940930370982126 0.009561603941228753 0.052723872579882494
0 0.6409118486774463 0.2807057923798182 0.011992520197473216 0.057045501479872876
0 0.7554495611556424 0.3282728936517564 0.013836988764743268 0.06694178899664507
0 0.7750708648958112 0.29722158188825243 0.010888122306683385 0.06210262352700809
0 0.783123538685129 0.28875304231638765 0.010207614662515282 0.051617765009461254
0 0.7890212716012492 0.3224255687092784 0.015198004053078761 0.06573199762923586
0 0.8098901726890587 0.33472511427793905 0.011114958188072422 0.06694178899664507
0 0.8187367720632389 0.33270879533225695 0.01156862995085092 0.06532873384009939
0 0.8745383988849903 0.36517153035773847 0.011114958188072564 0.05847324942478032
0 0.9086771990340697 0.3323055315431205 0.010434450543904746 0.05403734774427967
