0 0.7964461659320407 0.5487110299661768 0.031935993303205804 0.10003231764813669
0 0.8235664142133343 0.4851769903788467 0.030415231717338714 0.08831682098664331
0 0.7863077553595943 0.4694061294883747 0.023825264845248738 0.08381086073222256
0 0.5102895275247441 0.44642573219082976 0.027373708545605027 0.08290966868133844
0 0.42563379924481753 0.4425900800734304 0.01843347376808417 0.06852038733994924
1 0.3971457034214147 0.5781412811155039 0.029325980994679313 0.11618674375034864
1 0.40887609581928636 0.4861601089798111 0.02010924411063726 0.0871400578127615
1 0.39253733497939364 0.44184529325451793 0.02848809582340273 0.06256209278864923
1 0.6527006806607631 0.4060955259467183 0.014244047911701615 0.06256209278864916
0 0.664850015644273 0.40497834571834956 0.020109244110637123 0.06628602688321159
1 0.7463465356230625 0.43716378116378557 0.0159964981009621 0.06805559958355686
1 0.7576544049702943 0.4357909016332816 0.016989384189987362 0.07119360993899469
0 0.8090176178686049 0.42222392926504637 0.02247557792970639 0.06497287842094857
0 0.866672361253504 0.4100632300953501 0.02169381869736867 0.06983715808882707
0 0.18569106330564228 0.5292210376124531 0.02848634317684027 0.08014027358799489
0 0.22306103412268272 0.5116006191525517 0.03333195825331305 0.08092340329732395
1 0.033030215744083914 0.5484123284325435 0.023003265411534354 0.05885778398132992
