0 0.43187590711175616 0.4172714078374456 0.03755442670537008 0.1320754716981133
0 0.36778846153846145 0.28664731494920176 0.020410014513788113 0.10014513788098696
0 0.3473784470246734 0.2438316400580552 0.022042815674891116 0.0754716981132076
0 0.2971698113207547 0.18577648766328012 0.016328011611030462 0.06966618287373005
0 0.5392098229529645 0.6342525399129175 0.026728536963722006 0.16549163116235563
1 0.5244630439384973 0.5756750566054499 0.023963515898509372 0.07783022257635544
0 0.6288425891502738 0.5584704810885713 0.02995439487313675 0.12534762162297233
1 0.6514235945161769 0.5494585605797302 0.02534602643111569 0.12534762162297233
0 0.8823013077225954 0.5942558622215166 0.03090348968576936 0.12056176223089977
1 0.8828735945686277 0.5382989261649808 0.018885465919081277 0.03510025989000824
