0 0.6864591566175023 0.7155222397816944 0.0501851323336092 0.16753160225935687
0 0.6251217726542023 0.6258085711161807 0.03122630456313466 0.14473144337198868
1 0.6075569763374391 0.5935909552970737 0.022862115840866296 0.09417456931739004
0 0.5827432164613771 0.5137903991912853 0.027880629074227413 0.11499210569281303
0 0.5710333522502015 0.48157278337217824 0.02230450325938179 0.08822670178155491
0 0.4151806357252708 0.520729577983093 0.028438241655711852 0.12292259574059328
1 0.414344216853044 0.45976393574078256 0.028995854237196354 0.02676540391125819
0 0.7625732739901429 0.9130267224113152 0.06301022170775382 0.17394655517736946
0 0.21263423841372733 0.4113980373424965 0.033456754889072904 0.09219194680544517
0 0.4875372410856086 0.2859971634619722 0.023419728422351013 0.07137441043002184
0 0.6813076131514881 0.6002428316052629 0.04851229458915554 0.12490521825253822
0 0.4695826728530879 0.23063014809914598 0.01586795345818082 0.0642811083624667
1 0.4602179790089156 0.21490671152127647 0.012226128074336061 0.04393313161463553
