1 0.8862855421950127 0.9098905473552683 0.041420111535155825 0.1802189052894633
1 0.853602485436804 0.8473945024006406 0.03559540835052459 0.11735698268294172
1 0.9775497841242656 0.7518418210544291 0.029123515923156304 0.16452988748686934
1 0.9608246139204261 0.7004362199129239 0.02893345926262512 0.1193058690582319
0 0.931288374256496 0.6247091413490162 0.02451306965305733 0.1293075586798801
0 0.9369143246686735 0.5179053843178447 0.01888711924088014 0.088586393791741
1 0.9483671522934626 0.5032600530861455 0.013663022429573034 0.07215504655617615
0 0.25455011953781415 0.5471035051978578 0.032947815993873954 0.10878009090040941
1 0.08892850878289409 0.608292306329338 0.02059238499617124 0.08263103058781099
0 0.07068953921485667 0.5994016258230546 0.024122508138372013 0.07321736887527557
1 0.37074691733366427 0.4745837300827121 0.017681558438270885 0.0691545396696818
1 0.35925390434878823 0.47183326543675874 0.015913402594443796 0.057366834044167876
