0 0.8939586357039186 0.634978229317852 0.04735123367198824 0.15529753265602322
1 0.667241764814667 0.6804027650771032 0.03396367541769493 0.1550050327520679
1 0.6487391655199525 0.6502128313724853 0.020276821144892453 0.09102039713929563
1 0.6386007549475061 0.6321889903548029 0.022304503259381648 0.09462516534283189
1 0.4637131725728078 0.4713262092719886 0.03548443700356195 0.08831682098664338
0 0.37804360323563657 0.41139693788819487 0.014193774801424865 0.06037986740923564
0 0.6522876092203086 0.5407179971900654 0.030415231717338856 0.12256211892023955
0 0.637840374154573 0.49430660656953357 0.022811423788004177 0.06398463561277211
1 0.8274219883889694 0.9143686502177067 0.07755805515239488 0.17126269956458642
0 0.1567610233083556 0.5274140027832134 0.026486002791598438 0.07483346820483369
1 0.137369485550221 0.5255221454409565 0.014661894402492003 0.06936810254942402
1 0.4911387546176648 0.39805494390425067 0.017168605380982457 0.060119022209501195
0 0.45628128308657906 0.36637684374001345 0.013006519228017054 0.04485803964862782
