1 0.2612481857764877 0.46806966618287377 0.04082002902757623 0.13788098693759074
1 0.2853320029027577 0.44702467343976776 0.035105224963715535 0.15965166908563133
1 0.3216618287373004 0.45863570391872277 0.0440856313497823 0.18287373004354138
0 0.16736211901306242 0.45283018867924524 0.031023222060957936 0.11901306240928891
1 0.1428701015965167 0.4455732946298984 0.02612481857764875 0.08998548621190132
1 0.5131077648766328 0.47242380261248185 0.05469883889695212 0.16110304789550078
1 0.6686320754716981 0.45645863570391876 0.03755442670537008 0.12917271407837447
1 0.6865928882438317 0.4608127721335268 0.027757619738751772 0.11756168359941946
1 0.8204825834542815 0.45718432510885343 0.029390420899854917 0.1480406386066764
1 0.845382801161103 0.45645863570391876 0.04000362844702465 0.15820029027576196
1 0.8874274310595064 0.4731494920174166 0.03918722786647308 0.15094339622641506
0 0.7780297532656024 0.4738751814223512 0.027757619738751915 0.11465892597968065
