0 0.8356009494073418 0.35703334543083576 0.02111735331188812 0.07466210309521554
0 0.7951457950289489 0.3439569318943855 0.0132873234321994 0.07213118434622523
0 0.7991794467851523 0.3197022938832278 0.010440039839585325 0.04386925831583291
0 0.7624020337138862 0.3353096261686684 0.019930985148298958 0.0776148416357043
0 0.6896776652858663 0.3167495553427391 0.015422786126659958 0.06833480622273971
0 0.5825486201137587 0.2905967282698387 0.012338228901327995 0.05821113122677822
0 0.624901963553894 0.29671311524656546 0.013999144330352849 0.060320230184270185
0 0.6194446700013837 0.26613118036293193 0.011626408003174547 0.03712014165185863
0 0.6477988691111664 0.26444390119693834 0.014236417963070664 0.04977473539681046
0 0.6625098343396733 0.2770984949418905 0.00901639804327777 0.05652385206078459
0 0.6685603119739777 0.27520030588014743 0.008304577145124621 0.047665636439318225
