0 0.06308123632385121 0.787199124726477 0.033848468271334795 0.13457330415754926
0 0.09016001094091904 0.7800875273522976 0.03384846827133479 0.12472647702407003
0 0.018462800875273522 0.5913566739606126 0.024617067833698027 0.09518599562363235
0 0.11539250547045952 0.526258205689278 0.022770787746170685 0.0919037199124726
0 0.21139907002188182 0.4731947483588621 0.021539934354485802 0.07986870897155363
0 0.2547866520787746 0.49671772428884026 0.02092450765864335 0.08971553610503286
0 0.342792669584245 0.4091903719912473 0.02092450765864335 0.08315098468271337
0 0.23695176680274369 0.5100315852109272 0.01837447011766997 0.09544516422234146
0 0.3556680698286273 0.5077347764462183 0.017513166830904224 0.08370591942494116
0 0.37188928172938285 0.4975267374919572 0.018374470117670114 0.08268511552951502
0 0.38782339253454995 0.5508637410279715 0.017513166830904234 0.08013310579094987
0 0.37145863008599883 0.573321426727346 0.019809975595612987 0.11075722265373339
0 0.38839759472572694 0.6440120964856042 0.025551997507384884 0.12249646745113346
0 0.4039010538875111 0.46154340017818685 0.01808736902208139 0.08523712526808033
0 0.42012226578826656 0.4526113660932083 0.01722606573531557 0.09289315448377622
0 0.4056236604610426 0.36941584861598015 0.017513166830904224 0.07656029215695845
0 0.4893136298251177 0.33113570253750096 0.01435505477942975 0.05818582203928841
0 0.43763543261917076 0.40999280345916816 0.014355054779429608 0.07809149800009756
0 0.44854527425153745 0.4120344112500204 0.011484043823543786 0.08115390968637584
0 0.5061090439170504 0.5284060553285971 0.01808736902208146 0.10463239928117637
0 0.5203205481486858 0.5243228397468926 0.018948672308847208 0.10565320317660273
0 0.5427144336045963 0.41841443559643354 0.016077661352961313 0.07962270384323666
0 0.5549162301671114 0.41305521514544646 0.014067953683841096 0.07400828241839306
0 0.5036112643854296 0.36146633828034924 0.01136920338530835 0.07411036280793583
0 0.5113486389115424 0.3541675904280527 0.016106371462520173 0.0786018999478106
0 0.5850905553134726 0.29886553939334304 0.017053805077962492 0.058951424960857965
0 0.6087577750227379 0.45559148094527857 0.015660059759377773 0.07888030101019958
0 0.6177623093843801 0.44259943136712815 0.01800906872328447 0.08166431163408902
