0 0.7334841895469111 0.5385859432907099 0.01951498144971694 0.0408485633212711
0 0.7123954192706043 0.5539741007062572 0.017626434857808845 0.048122965008620754
0 0.6831229470960289 0.5153638148272475 0.018255950388444832 0.05371865861427423
1 0.6425191953700051 0.5265552020385545 0.02077401251098884 0.0917693751327186
1 0.674781866315102 0.5346689577667523 0.012275552847402622 0.05987392158049318
1 0.6648669967075844 0.5338296037259043 0.015108372735264624 0.05707607477766651
1 0.6875295558104813 0.5976205108303552 0.02329207463353299 0.08393540408480363
0 0.7371039038480682 0.6068534052796833 0.020459254745670848 0.0968054993778069
0 0.7638583139000995 0.5990194342317685 0.02108877027630683 0.08225669600310759
1 0.7956488481972188 0.5939833099866801 0.022347801337579087 0.08785238960876107
1 0.8225606371319091 0.621961778014948 0.01573788826590075 0.08001841856084624
1 0.8390854198111052 0.6275574716206016 0.028642956643938688 0.08561411216649976
