1 0.7621099419448477 0.6088534107402032 0.048167634252540094 0.1611030478955007
1 0.24451197387518142 0.5058055152394775 0.026941219158200306 0.0827285921625544
0 0.2865566037735849 0.4716981132075472 0.026124818577648767 0.08417997097242377
1 0.38983127721335264 0.46806966618287377 0.023675616835994263 0.0827285921625544
0 0.41432329462989825 0.4404934687953556 0.018777213352685108 0.07402031930333813
1 0.4624909288824383 0.4383164005805515 0.01877721335268504 0.07547169811320757
0 0.4433055152394775 0.43323657474600874 0.021226415094339545 0.07982583454281567
1 0.4857583454281567 0.4179970972423803 0.02449201741654569 0.07256894049346876
0 0.9290638606676341 0.6756168359941944 0.04082002902757623 0.181422351233672
1 0.9004898403483308 0.49854862119013066 0.05224963715529753 0.12336719883889699
1 0.9780478955007257 0.7670537010159652 0.037554426705370215 0.14949201741654577
