1 0.4588171262699565 0.478955007256894 0.05224963715529753 0.19158200290275765
1 0.25553338171262696 0.4709724238026125 0.03918722786647315 0.20754716981132076
1 0.2939042089985486 0.4811320754716981 0.05714804063860665 0.2307692307692308
0 0.2147133526850508 0.43686502177068215 0.029390420899854844 0.11320754716981128
1 0.238388969521045 0.4216255442670537 0.027757619738751772 0.08563134978229314
1 0.3383980406386067 0.44920174165457183 0.028574020319303343 0.1378809869375906
1 0.3677884615384615 0.4557329462989841 0.0351052249637155 0.15965166908563133
1 0.5980134252539913 0.4666182873730043 0.04000362844702479 0.16981132075471692
1 0.6253628447024673 0.46516690856313503 0.04245283018867916 0.17561683599419445
0 0.7792543541364297 0.49637155297532654 0.031839622641509496 0.1335268505079825
