1 0.45759252539912915 0.7126269956458635 0.048167634252539955 0.1828737300435413
0 0.3922804789550073 0.6023222060957909 0.03837082728592158 0.13933236574746005
0 0.5375997822931785 0.6444121915820028 0.04000362844702465 0.16255442670536993
1 0.12082728592162553 0.6313497822931784 0.0473512336719884 0.11030478955007254
0 0.33023403483309144 0.4876632801161103 0.028574020319303343 0.08127721335268503
1 0.36003265602322204 0.4586357039187227 0.02285921625544269 0.07547169811320749
1 0.37350326560232217 0.45210449927431057 0.020410014513788113 0.06531204644412185
1 0.7110975874503618 0.4369055550205862 0.015108372735264766 0.06770789262840836
0 0.6972482457763689 0.43270878481634584 0.01825595038844469 0.06826746198897368
0 0.6887497861127827 0.39941440786270704 0.018255950388444832 0.05427822797483969
0 0.8248825196128234 0.3999739772232724 0.03242004982775555 0.08001841856084617
