1 0.6574017513804691 0.5186507481134208 0.02966081428019933 0.1071895364880067
1 0.5859240513937591 0.4845056941515156 0.023825899995570197 0.08730760633297323
1 0.3476650514380587 0.579593186197328 0.027715842851989622 0.05964579046510046
1 0.3279722157274345 0.585644208418425 0.02236717142441272 0.05964579046510039
1 0.3763533800041533 0.6478832941211384 0.03257827142251408 0.10978283172561971
1 0.38072956571762534 0.459437173521256 0.019935957139150418 0.05964579046510039
1 0.36371106572078965 0.45986938939419164 0.01604601428273085 0.062239085702713554
1 0.19189090529259586 0.5393337107066482 0.016074144034791685 0.061698734678998474
0 0.17746070780681694 0.5435552030794217 0.017900751311472618 0.061049274313956514
1 0.30897643172784006 0.5513487274599269 0.014247536758110791 0.06364711577412471
1 0.3246852543072956 0.5390089805241272 0.018631394222144913 0.04286438409277792
1 0.4396738191206251 0.4262468515992312 0.013998042240529642 0.06684903832514372
1 0.891456132023092 0.507124167571068 0.021587176906228366 0.09564779921528953
0 0.9048068360764664 0.4949424238594496 0.020258735250460517 0.0879723585375195
0 0.5050835148874364 0.5880739126926491 0.03267973856209146 0.13297829419833768
