0 0.81966618287373 0.8396226415094341 0.06041364296081284 0.22206095791001448
0 0.420038098693759 0.7830188679245282 0.046534833091436884 0.19013062409288822
0 0.15838171262699569 0.581277213352685 0.045718432510885344 0.10885341074020317
0 0.07388425253991292 0.5573294629898404 0.04000362844702469 0.0783744557329463
0 0.5547441944847605 0.46008708272859217 0.03183962264150942 0.1074020319303338
0 0.3714622641509433 0.4303338171262699 0.029390420899854844 0.06821480406386066
0 0.25973044668078943 0.5032234597728836 0.0192496484574653 0.07491755075337841
1 0.2477644489910137 0.5004487356709066 0.01352677999713773 0.06196883827748586
1 0.2789800951382547 0.4861126611440256 0.03173590691636172 0.06474356237946281
1 0.4013714410738956 0.487037569178018 0.023151604225870415 0.0887911712632632
1 0.4188001768394385 0.5547870826679558 0.027833951147956597 0.1280997627079371
1 0.4632424518777618 0.629568262691655 0.04188099191421499 0.13989825765669556
1 0.6080245354086872 0.5564563271876031 0.042074403875652 0.13517880763261722
0 0.8845700290275761 0.38098693759071117 0.03183962264150935 0.06240928882438311
1 0.03802739104093437 0.6126414152419697 0.01749968041587754 0.07020892803487215
1 0.05682772337961363 0.615794510812398 0.024357663281559284 0.08660502500109964
1 0.9334416132400492 0.45850520360620356 0.01891857342257026 0.06390273689401525
1 0.9505865704042534 0.4534602506935182 0.014898376570274081 0.05465365655409201
