0 0.401260885341074 0.8730043541364296 0.06286284470246742 0.2104499274310595
0 0.04531023222060957 0.5638606676342526 0.040003628447024674 0.08563134978229314
0 0.46943033381712623 0.43323657474600874 0.035921625544267075 0.07982583454281567
1 0.5171897677793904 0.9375907111756169 0.06612844702467342 0.12481857764876636
0 0.6167906386066764 0.9172714078374455 0.07102685050798258 0.1654571843251088
1 0.8992652394775038 0.5928882438316401 0.03837082728592165 0.1320754716981132
1 0.6057692307692307 0.42888243831640055 0.055515239477503545 0.08563134978229321
0 0.9531476777939042 0.7235123367198838 0.0334724238026125 0.16400580551523944
1 0.9421262699564585 0.6741654571843252 0.03428882438316393 0.11756168359941946
0 0.915593251088534 0.45428156748911463 0.025308417997097196 0.08127721335268503
