1 0.34329644412191584 0.8969521044992743 0.06286284470246734 0.2060957910014514
1 0.4310595065312046 0.7677793904208998 0.06857764876632799 0.1973875181422352
0 0.5678066037735848 0.6458635703918723 0.044902031930333805 0.1422351233671988
0 0.6049528301886792 0.6458635703918723 0.032656023222060925 0.1422351233671987
0 0.7204735123367201 0.5261248185776488 0.028574020319303343 0.10885341074020323
1 0.7433327285921625 0.5166908563134979 0.02041001451378804 0.09869375907111748
1 0.38534107402031936 0.4513788098693759 0.021226415094339687 0.08417997097242377
0 0.36329825834542817 0.40783744557329465 0.013062409288824383 0.05515239477503627
1 0.4657565312046444 0.4121915820029028 0.017144412191581963 0.06676342525399129
1 0.5082093613933235 0.4085631349782294 0.018777213352685108 0.06531204644412192
1 0.9865747460087083 0.49419448476052247 0.02685050798258345 0.10885341074020317
