0 0.22655116110304788 0.5108853410740203 0.04490203193033384 0.0957910014513788
0 0.016328011611030483 0.8134978229317852 0.032656023222060966 0.1523947750362845
0 0.24451197387518142 0.7329462989840348 0.041636429608127724 0.12481857764876636
0 0.2718839528372687 0.7211118078069627 0.027650210652126254 0.13257205376642348
0 0.2911553117766294 0.6194484070254075 0.03938060304999801 0.11693153056926114
0 0.4851257289271513 0.5405010042206835 0.027650210652126292 0.1154419569314362
0 0.5064918007947035 0.5393838239923148 0.020109244110637192 0.10724930192339882
0 0.5669457018610011 0.4414835074689517 0.020030039611146366 0.08092945297432863
0 0.5851548287802251 0.42899724901005526 0.018989518072904943 0.07445509673638227
0 0.6059652595450524 0.46229393823377907 0.01794899653466352 0.0901785333142518
0 0.6168907356965868 0.45258240387685944 0.015347692689060112 0.08462908511029787
0 0.6680063562626938 0.4340842431970131 0.022891473841310274 0.07907963690634397
1 0.6828337881826334 0.4285347949930591 0.016128083842741177 0.08370417707630558
0 0.7251992928840301 0.42919873018197363 0.019778508578141753 0.07643868049523356
1 0.7385282877953864 0.4263322796634023 0.017628670689213238 0.09134422319180416
