0 0.6510794629898403 0.7539912917271409 0.05959724238026126 0.2481857764876632
0 0.5698476052249638 0.56966618287373 0.04571843251088523 0.19303338171262704
0 0.34697024673439764 0.40928882438316405 0.03755442670537008 0.14223512336719885
0 0.2857402031930334 0.4165457184325109 0.03102322206095792 0.1393323657474601
0 0.21961175616835996 0.49419448476052247 0.045718432510885344 0.15529753265602322
0 0.6788370827285922 0.47024673439767783 0.04490203193033395 0.10740203193033387
0 0.2865566037735849 0.29100145137880984 0.02449201741654573 0.09433962264150945
0 0.24451197387518142 0.28737300435413643 0.02857402031930338 0.0986937590711176
0 0.7943577648766328 0.521044992743106 0.03918722786647308 0.1422351233671988
0 0.8225235849056602 0.5159651669085631 0.0269412191582002 0.12917271407837438
1 0.675571480406386 0.5551523947750363 0.09388606676342526 0.15529753265602317
1 0.20727590029474946 0.40538302735646586 0.04438084490983993 0.07106530879180034
0 0.21703339101960778 0.38160132953243825 0.036197143011571564 0.055956936056535796
0 0.3382756725575998 0.2288246014935526 0.02024133670788899 0.08832583290715203
0 0.23124193754164118 0.2528143338880877 0.014720972151192023 0.07524052432831478
