0 0.34370464441219156 0.41001451378809867 0.027757619738751772 0.13497822931785194
0 0.23961357039187228 0.35631349782293176 0.02857402031930338 0.10014513788098696
0 0.2759433962264151 0.31712626995645865 0.02775761973875184 0.10885341074020322
0 0.7714985486211902 0.4462989840348331 0.029390420899854917 0.10595065312046444
0 0.7951741654571844 0.5116110304789551 0.032656023222061285 0.12917271407837447
0 0.8274219883889695 0.9542815674891146 0.07102685050798244 0.09143686502177076
0 0.8172169811320754 0.506531204644412 0.024492017416545765 0.11030478955007245
1 0.5576015965166908 0.5087082728592162 0.05878084179970977 0.15529753265602322
1 0.03714622641509433 0.632801161103048 0.04326923076923077 0.1567489114658926
0 0.05755624092888244 0.59288824383164 0.04980043541364296 0.09724238026124815
