1 0.9033257508560366 0.6648651891442404 0.03275369305899261 0.12796791706769178
0 0.8441025035226258 0.6753599125016437 0.029325980994679382 0.1340616274042484
0 0.812681809599755 0.6191623616200649 0.023613127554157388 0.07447868189124911
0 0.7818324010209367 0.5849698758427185 0.028183410306574928 0.09411397075348753
0 0.7302262916082214 0.5900479677898492 0.0239939844501923 0.10427015464774897
0 0.7439371398654743 0.5612721134227756 0.027040839618470612 0.09817644431119199
0 0.6412962063840966 0.5619491923490597 0.020566272385879145 0.10088476001632841
1 0.6887128899404287 0.5582252582544973 0.017900274113635532 0.09072857612206704
1 0.6744307563391239 0.5487461532865201 0.015234275841391707 0.07854115544895357
1 0.659196480497732 0.5291108644242818 0.021327986177948618 0.07583283974381728
1 0.5841676719788771 0.45463218253303267 0.019804558593809533 0.07447868189124911
