1 0.823937595712098 0.7534456355283308 0.04048621745788665 0.17457886676875958
1 0.7580398162327724 0.5589586523736599 0.032733537519142444 0.10107197549770286
0 0.7834513782542113 0.5535987748851455 0.024980857580398207 0.11179173047473207
1 0.9333365237366003 0.5658499234303216 0.028426493108729006 0.11791730474732014
0 0.4617151607963247 0.49234303215926495 0.02239663093415004 0.09647779479326189
1 0.38634188361408883 0.554364471669219 0.024980857580398207 0.09494640122511491
1 0.37360550845697565 0.4537217164741132 0.014587285711573512 0.06286776333607434
1 0.38399342403945996 0.45647218112006643 0.012377090906789618 0.06836869262798075
1 0.44786805389771345 0.6753305822337751 0.027848454540276606 0.09587333908751319
0 0.46400247597263566 0.6521480945035977 0.026522337657406324 0.06994038671138263
1 0.6722028265832753 0.4093213586180108 0.024754181813579235 0.055795139960765995
1 0.6536371902230909 0.4093213586180108 0.017681558438271027 0.06051022221097142
1 0.0337289011601898 0.675952340482144 0.027465325572696483 0.08963807749098955
1 0.01876644767655664 0.6693934567632911 0.016397209297132228 0.07069019119208114
0 0.844952795933188 0.9363753731945453 0.04720406681190994 0.12724925361090939
1 0.8413217138707335 0.39118857419511016 0.022512708787218543 0.061970467199225394
