0 0.27594339622641506 0.9346879535558782 0.07184325108853411 0.13062409288824384
0 0.24328737300435413 0.5174165457184325 0.04735123367198838 0.10595065312046444
0 0.011837808417997097 0.5616835994194485 0.023675616835994194 0.08417997097242384
1 0.38732872231647897 0.7504420742305189 0.03917113175717887 0.13681733863422452
1 0.351613866890816 0.860633284088622 0.06451715818829457 0.19498518919129026
1 0.3806465880755485 0.7033343079343041 0.038710294912976624 0.08520361208358893
0 0.6900985289572613 0.5431679025271728 0.06866468978611351 0.1253476216229722
1 0.5716634599973206 0.7479842777281078 0.05852627921366718 0.19416592369048644
0 0.948249274310595 0.7089985486211902 0.04653483309143681 0.19013062409288822
0 0.7368015239477503 0.38751814223512343 0.028574020319303343 0.06966618287373003
0 0.3808266936420891 0.41007197152200875 0.016128083842741246 0.056881844090528016
