0 0.35803167864520247 0.6132110491703788 0.0400080622782756 0.14957262498806287
0 0.3971572101379277 0.6764917751268666 0.03706629299310826 0.15689436187559047
0 0.5739575441764836 0.7089166099144891 0.038831354564208664 0.13388318880050393
0 0.5057084967606019 0.35747323931316655 0.025887569709472372 0.10459624125039362
0 0.4665829652678765 0.350151502425639 0.022945800424305104 0.1004123916003779
0 0.3509714323608009 0.318249648844269 0.022357446567271635 0.06380370716274009
0 0.3074332469403245 0.2889627012941588 0.02118073885320463 0.08681488023782666
0 0.24536191502329416 0.3260943669380485 0.027652631280572812 0.09413661712535429
0 0.723105246934467 0.4359204202509619 0.02765263128057299 0.10878009090040941
1 0.6695650459444218 0.48874152208241056 0.03235946213684045 0.11400990296292904
1 0.4762908039089288 0.6900892864894184 0.03530123142200786 0.12342356467546452
1 0.5060026736891188 0.6796296623643789 0.031182754422773584 0.1276074143254803
0 0.423813169984686 0.8116385911179174 0.053407350689127074 0.1960183767228176
0 0.4625765696784073 0.9165390505359877 0.049961715160796345 0.16692189892802445
0 0.5207216692189892 0.8208269525267995 0.04393185298621752 0.1653905053598774
1 0.8049866003062786 0.42879019908116384 0.030149310872894405 0.10107197549770292
0 0.4341500765696783 0.30781010719754975 0.020673813169984782 0.09188361408882084
0 0.11315780314631771 0.36823054434080477 0.030540860364750108 0.09327579005986358
