0 0.011021407837445572 0.6806966618287373 0.022042815674891143 0.11901306240928897
0 0.15715711175616837 0.52322206095791 0.03183962264150944 0.0740203193033382
0 0.3273766328011611 0.49129172714078373 0.044085631349782266 0.08563134978229314
0 0.45595972423802605 0.4267053701015965 0.025308417997097266 0.06966618287373003
1 0.33145863570391865 0.6124818577648766 0.032656023222060994 0.11030478955007267
1 0.35350145137880984 0.6081277213352686 0.019593613933236612 0.08998548621190132
1 0.37268686502177073 0.6030478955007257 0.022042815674891116 0.08272859216255447
1 0.6176070391872277 0.5899854862119013 0.038370827285921505 0.14368650217706816
1 0.40371008708272854 0.5507982583454282 0.03673802612481857 0.1030478955007257
1 0.3326939788701085 0.7771942306186296 0.04357002890638075 0.16981139471204798
1 0.38087237621851017 0.7302726610271425 0.031001751337232476 0.14746779014467337
1 0.36704727089244693 0.6669657814195795 0.029325980994679517 0.04915593004822431
1 0.793538219378572 0.42090214300961365 0.016024031688916977 0.07325271629219224
