0 0.8486484034833092 0.8127721335268504 0.08245645863570389 0.23802612481857766
0 0.4906173946978329 0.5615961287349872 0.042492298317931866 0.12254568996381343
0 0.5968481404926625 0.49053081994318687 0.03525286971561748 0.11135430275250613
0 0.44450538207874396 0.41974529583166914 0.018255950388444832 0.07498229431575794
0 0.416354752219638 0.756362076440509 0.045389664132842 0.15375237580133855
1 0.3908997378748685 0.7089278328422236 0.02637507510421898 0.08723539052558238
1 0.5203216180374316 0.5508136875146056 0.0300553181420171 0.11340600768325693
0 0.817807930259437 0.46575918175216274 0.027601822783485237 0.0959589295781405
1 0.8533836129581508 0.5219169644030065 0.031282065821283 0.12758175864366408
0 0.09399967964931939 0.5279785618093891 0.03490949760799787 0.07274401687349659
