0 0.18001632801161102 0.4876632801161102 0.054698838896952096 0.24963715529753266
1 0.12613388969521044 0.44847605224963716 0.03673802612481859 0.13062409288824384
1 0.32982583454281567 0.4629898403483309 0.035921625544267075 0.13062409288824384
1 0.36493105950653115 0.47024673439767783 0.05388243831640061 0.18287373004354138
1 0.4731041364296081 0.4753265602322206 0.04000362844702465 0.13497822931785194
1 0.5473965892597968 0.4753265602322206 0.03837082728592172 0.12626995645863573
1 0.6282202467343977 0.4956458635703919 0.05796444121915819 0.2075471698113207
0 0.8164005805515238 0.4970972423802611 0.05061683599419431 0.2075471698113207
0 0.8853864296081276 0.5087082728592162 0.04326923076923066 0.169811320754717
1 0.6902666908563134 0.4927431059506532 0.02367561683599419 0.12336719883889707
