0 0.4261611030478955 0.9013062409288825 0.057148040638606686 0.19738751814223504
0 0.8306875907111757 0.49346879535558785 0.05796444121915826 0.11901306240928883
0 0.16491291727140783 0.5058055152394776 0.04245283018867925 0.07692307692307693
1 0.32701138089183585 0.6213810801114275 0.0341019264709557 0.1294439491269908
0 0.34267983359470755 0.5046357462468944 0.02304184221010516 0.08110728457957023
1 0.4256304655510862 0.5697673535607918 0.028571884340530432 0.09667332909484123
1 0.40304946018518323 0.5611650658023525 0.02304184221010523 0.08438434658278539
0 0.3283938914244423 0.4390945061825951 0.021198494833296735 0.04833666454742065
0 0.34705778361462764 0.4501545904434457 0.0207376579890947 0.034409151033757086
1 0.5553560371939784 0.45752797995067934 0.02626770011951983 0.09667332909484123
1 0.6701044114003024 0.6406338193803153 0.044701173887604 0.1679494276647665
1 0.6933766720325064 0.49562382573805297 0.0304152317173386 0.11387790461171926
1 0.579319553092488 0.43254038217616525 0.027189373807924185 0.08602287758439274
1 0.6733897169183252 0.41341484151527136 0.026958967127162625 0.06558438786491039
0 0.4995753235984603 0.42833949388196574 0.021283395100391615 0.07273140449121478
0 0.418564663060527 0.688370682468081 0.034909497607997865 0.1002137854830683
1 0.4320134039422965 0.7229622429393939 0.03376492391593239 0.13480534595438157
