1 0.384876314504757 0.571724892835539 0.028328198878621227 0.12361395874307433
1 0.43337762470603286 0.49007863613486635 0.04292151345245642 0.08546150234089105
1 0.5097779186514052 0.4491283329298561 0.020602326457179104 0.09207459478393616
1 0.40347563700082156 0.4651523646187731 0.01688246195796623 0.06613092443045127
1 0.4133475850948865 0.44760223467376875 0.012590310612720543 0.04425684942653284
0 0.36999685650790554 0.4659154137468168 0.02203304357226095 0.07884840989784593
1 0.3611264103943979 0.43208690240354747 0.012304167189704174 0.04578294768262012
0 0.5255653397745472 0.40194548005594444 0.019815984300690488 0.062264178061084294
0 0.11771091017840912 0.5395313233624864 0.027431931462726968 0.08113965934569045
1 0.10210308710478863 0.5405823552192959 0.013715965731363492 0.07147016626304342
0 0.024660692059818485 0.5429021615579392 0.022304503259381842 0.06939178791807685
0 0.450980856631185 0.37437924804260975 0.013179933744180162 0.04956556279862632
