0 0.6374943425078307 0.5681342597208094 0.028129752060885516 0.1378804354984357
0 0.6055469812386821 0.5927812805741568 0.032550141670453246 0.11287621144431526
0 0.6238313200782577 0.45490084507572104 0.0249149232539272 0.10001689621648169
0 0.47333714655252007 0.4595444866857721 0.02853160566175539 0.11644824345204668
0 0.4012044251963918 0.41382247698680863 0.02330750885044805 0.06072454413143553
0 0.45645929531598883 0.39274748814119315 0.022101948047838604 0.09144401939792615
0 0.4765519753594784 0.3573843712646513 0.023709362451317873 0.0964448642087503
1 0.41165261881900683 0.4991940419715916 0.02411121605218753 0.09573045780720392
1 0.40783500961074304 0.4488283906625773 0.022101948047838556 0.027861849660305825
0 0.20744222438897095 0.5967001211695192 0.036477939136074757 0.13492915121300775
0 0.20302957046122003 0.4220243982813618 0.025299215852438942 0.10355027883788964
0 0.2536280021660979 0.6756702833135662 0.034712877564974425 0.05439004545020481
1 0.25715812530829874 0.7431348589200703 0.04530324699157674 0.116101827787937
0 0.03833269525267994 0.8874425727411943 0.04737748851454824 0.15773353751914243
0 0.2976167687595712 0.9655436447166922 0.049100306278713646 0.06891271056661566
0 0.10710603435253795 0.46976394829135315 0.019594514422576665 0.0926957066469165
0 0.1479556152674012 0.40954125989654117 0.019594514422576665 0.08915319556486871
1 0.2668511434586292 0.3410527123102844 0.020258735250460624 0.0785256623187254
0 0.17601894524549827 0.3738209398192262 0.017269741524982826 0.08147775488709855
1 0.3537390566854141 0.2829962962121735 0.01746636286697104 0.07016789930973637
